% function evaluation | noise-free fitness - Fopt (7.627000000000e+01) | best noise-free fitness - Fopt | measured fitness | best measured fitness | x1 | x2...
1 +7.149533590e+06 +7.149533590e+06 +7.149609860e+06 +7.149609860e+06 +3.3068e+00 +9.0815e-01 -2.8579e+00 -1.4644e+00 -4.1863e+00 -4.4414e+00 -1.6689e+00 +4.6845e+00 +1.1567e+00 -1.9164e+00 +2.1453e+00 +1.8671e+00 +2.5868e+00 -2.7222e+00 -3.3083e+00 +1.2001e+00 +2.5978e+00 -7.4184e-01 +1.9774e+00 -1.2374e+00
3 +3.608704777e+06 +3.608704777e+06 +3.608781047e+06 +3.608781047e+06 +4.0209e+00 -4.0869e+00 +7.4165e-01 +4.1749e+00 +4.6821e+00 -4.0479e+00 -3.5626e+00 -4.2528e-01 -2.7862e+00 -3.9413e-01 +3.7487e+00 -6.4436e-01 -4.9568e+00 +3.3324e+00 +4.0094e-01 +3.5567e-01 -2.0664e-01 +1.0344e+00 +2.3735e+00 -2.4941e+00
5 +5.227893075e+05 +5.227893075e+05 +5.228655775e+05 +5.228655775e+05 -1.3041e+00 -2.8294e+00 -5.3538e-01 -1.3856e+00 -2.4304e+00 +3.2910e+00 +3.4859e+00 -3.3859e-01 -3.2981e+00 +3.8693e+00 -2.5659e+00 +1.3021e+00 +2.6950e+00 +1.7041e+00 +4.4986e+00 -3.1325e+00 +1.3777e+00 +6.4452e-02 -2.7775e+00 -7.5831e-01
6 +2.042719856e+05 +2.042719856e+05 +2.043482556e+05 +2.043482556e+05 -1.3908e+00 +4.0042e-01 +3.4935e+00 +1.3119e-01 -5.1566e-01 -4.9488e+00 +4.7309e+00 +4.6467e+00 -1.4686e+00 -3.2599e+00 +4.8103e+00 +7.9836e-01 +2.2877e+00 +3.3048e+00 -1.7927e+00 +3.8313e+00 -1.9375e+00 +4.6673e+00 +4.8592e+00 +1.8695e+00
16 +3.971144843e+03 +3.971144843e+03 +4.047414843e+03 +4.047414843e+03 +3.6873e+00 -1.6104e+00 -4.8129e+00 +2.5867e+00 -8.7846e-01 -3.7358e+00 +1.5373e+00 -4.0905e+00 +1.6201e+00 +1.6425e+00 -4.5473e+00 -2.3535e+00 +4.6797e-01 +1.2451e+00 +4.9241e+00 +2.3253e+00 -1.3428e+00 -5.9893e-01 +1.5116e+00 -4.8614e-01
% function evaluation | noise-free fitness - Fopt (-2.255000000000e+01) | best noise-free fitness - Fopt | measured fitness | best measured fitness | x1 | x2...
1 +1.063793014e+07 +1.063793014e+07 +1.063790759e+07 +1.063790759e+07 +2.6408e+00 +2.3643e+00 +3.3483e+00 -1.4514e+00 -4.7318e+00 +8.4682e-01 -1.6539e+00 -1.7977e+00 +4.0133e+00 +1.4845e+00 -4.0745e+00 -3.9075e+00 +3.1583e+00 -2.6314e+00 -3.6166e+00 +4.1326e+00 -8.3954e-01 +2.6395e+00 +9.5444e-01 -3.0931e-01
2 +1.088723564e+04 +1.088723564e+04 +1.086468564e+04 +1.086468564e+04 -3.5060e+00 +4.4240e+00 +2.0164e+00 +4.1643e+00 +6.9847e-01 +4.7369e+00 -1.3815e+00 -2.5904e+00 +3.2689e+00 +4.8915e+00 -4.7179e-01 -7.8033e-03 +4.5677e+00 -1.8533e+00 -2.0088e+00 +3.3308e+00 -4.5343e+00 -4.2542e-01 -2.4857e+00 +6.5203e-01
3 +6.630578510e+03 +6.630578510e+03 +6.608028510e+03 +6.608028510e+03 +1.3172e+00 +1.0529e+00 -8.3465e-01 +4.7328e+00 +1.1702e+00 +2.9300e+00 -3.8760e+00 +3.1549e+00 -2.5560e+00 +4.0856e+00 +4.9937e+00 +4.6627e+00 -4.2332e+00 -4.1814e+00 -7.6160e-01 -3.4276e+00 -4.2164e+00 -3.4122e+00 +3.3956e-01 -4.3927e+00
13 +3.658411248e+03 +3.658411248e+03 +3.635861248e+03 +3.635861248e+03 -3.0598e+00 -4.7353e+00 -3.7084e-01 -6.2094e-01 -2.3702e+00 -4.8730e+00 -2.1765e+00 -4.8361e+00 +2.7413e+00 -2.5065e+00 +4.4806e+00 +2.4611e+00 +2.1817e+00 +1.0395e+00 -7.8968e-02 +3.5936e+00 -4.9316e+00 -4.7502e+00 -1.9995e+00 +1.9505e+00
140 +4.099219480e+02 +4.099219480e+02 +3.873719480e+02 +3.873719480e+02 -1.7655e+00 -1.2497e+00 +4.4203e+00 +2.4916e+00 -2.1705e+00 +1.8748e+00 +8.1994e-01 -1.5011e+00 +2.4283e+00 +2.2330e+00 -2.6205e+00 -4.8575e+00 -4.4956e+00 +3.4318e+00 +1.2491e+00 -3.1587e+00 +3.9277e+00 +1.4936e+00 -1.6512e+00 +3.6382e+00
161 +2.136427871e+02 +2.136427871e+02 +1.910927871e+02 +1.910927871e+02 -3.1960e-01 +4.8101e+00 -2.7651e+00 +4.1218e-02 +4.6674e+00 -1.7158e+00 -3.8744e-01 -2.6352e+00 +3.8260e-01 -1.5433e+00 -9.5895e-01 +5.3113e-01 -3.4602e+00 -2.5225e+00 -2.1491e+00 -4.3649e+00 +1.4287e+00 -2.2211e+00 +1.9615e+00 +8.7913e-01
% function evaluation | noise-free fitness - Fopt (1.366000000000e+01) | best noise-free fitness - Fopt | measured fitness | best measured fitness | x1 | x2...
1 +1.183107061e+07 +1.183107061e+07 +1.183108427e+07 +1.183108427e+07 +1.7589e+00 -1.4680e+00 -1.0143e+00 -9.1429e-01 +3.7428e+00 +3.7473e+00 +2.0598e+00 +1.0243e+00 -1.8674e+00 +2.6179e+00 +2.7701e+00 -5.5178e-01 -2.3388e+00 +4.0864e+00 +4.6338e+00 -3.0080e+00 +4.4105e+00 -4.1423e+00 +1.3280e+00 +3.1858e+00
3 +2.169777154e+06 +2.169777154e+06 +2.169790814e+06 +2.169790814e+06 +4.0481e+00 -3.2572e+00 -1.4916e+00 -3.0457e+00 -5.9165e-01 +2.8251e+00 +8.3921e-01 +7.3659e-02 +9.5498e-01 +4.1382e+00 +4.5768e+00 +4.2579e+00 -4.9935e-01 +3.4735e+00 +1.4022e+00 +3.8729e-01 +1.0562e+00 -5.8722e-01 +6.4516e-01 -3.9699e+00
4 +8.883351734e+05 +8.883351734e+05 +8.883488334e+05 +8.883488334e+05 -4.1488e+00 -2.7921e+00 -7.6957e-01 -3.3157e+00 -3.3937e+00 +2.3500e+00 -4.5442e+00 -4.4185e+00 -1.0086e+00 -3.8296e+00 +5.2745e-01 +4.1893e+00 -3.3326e+00 -1.1217e+00 +2.3130e+00 -2.1056e+00 -1.9082e+00 +4.6506e+00 -7.7551e-01 +1.8833e+00
6 +3.554143726e+05 +3.554143726e+05 +3.554280326e+05 +3.554280326e+05 +6.3722e-03 +4.9953e+00 +3.9343e+00 -3.8312e+00 +1.9091e+00 +1.2897e+00 -1.7745e+00 -4.6748e+00 +3.2913e+00 -4.1465e+00 +1.1842e+00 -7.8131e-01 -2.6014e+00 -1.4879e+00 -8.1878e-01 +2.7709e+00 +2.1166e+00 -1.8765e+00 +6.3633e-01 -2.8850e-01
8 +8.689612256e+04 +8.689612256e+04 +8.690978256e+04 +8.690978256e+04 +4.0687e+00 -2.7055e+00 +2.0895e+00 +4.1082e+00 -1.8897e+00 +1.9253e+00 +1.9383e+00 +3.2392e+00 +2.3091e+00 +7.3743e-01 -2.2678e+00 +2.4463e+00 -4.4883e+00 +4.0178e+00 +4.4162e+00 +1.6774e-01 +3.0434e+00 +1.4616e+00 +1.0734e-01 +2.5644e+00
14 +1.373810373e+03 +1.373810373e+03 +1.387470373e+03 +1.387470373e+03 +2.6049e+00 -4.1181e+00 -1.4719e+00 +3.4895e+00 +1.8172e+00 +1.8451e-01 +2.2653e+00 +2.0989e+00 +1.1835e+00 +2.7316e+00 +4.1575e+00 -4.5725e+00 +8.4798e-01 -2.1938e+00 -8.8175e-02 +2.2367e+00 +7.2175e-01 -1.8972e+00 +5.1862e-01 +7.4974e-02
% function evaluation | noise-free fitness - Fopt (9.378400000000e+02) | best noise-free fitness - Fopt | measured fitness | best measured fitness | x1 | x2...
1 +3.013396075e+05 +3.013396075e+05 +3.022774475e+05 +3.022774475e+05 -5.9277e-01 -8.0850e-01 +9.4711e-01 +1.9150e+00 +2.1920e+00 +6.7652e-02 -2.1228e+00 -1.4916e+00 +9.5705e-01 -2.9674e+00 +2.2275e+00 +2.0802e-01 +2.7515e+00 -4.6285e+00 +4.7858e+00 -1.1793e+00 -3.2018e+00 +4.5714e+00 -3.3969e+00 +4.4240e+00
8 +1.414146431e+05 +1.414146431e+05 +1.423524831e+05 +1.423524831e+05 -6.8685e-01 -4.0846e+00 +1.9449e+00 -1.0316e+00 +3.1411e+00 -3.9179e+00 -3.2276e+00 -4.3499e+00 -3.1897e+00 -2.7220e+00 +3.6984e+00 +2.0211e+00 +3.9179e+00 -2.4129e+00 +4.5674e+00 +3.4580e+00 -4.1529e+00 +2.6832e+00 +3.9810e+00 -2.9161e+00
13 +1.222752539e+04 +1.222752539e+04 +1.316536539e+04 +1.316536539e+04 -1.9719e+00 -1.4364e+00 -1.7822e-01 -4.9013e+00 -1.8843e+00 +1.5817e+00 +4.2301e+00 -1.1517e+00 -4.7702e+00 -4.0629e+00 -1.8400e+00 +3.6059e-01 -4.2282e+00 -2.4134e+00 +2.8726e+00 -4.1078e+00 +1.4368e+00 +1.0858e+00 -2.3321e+00 +2.1271e+00
22 +8.797139846e+03 +8.797139846e+03 +9.734979846e+03 +9.734979846e+03 -3.3112e+00 -3.4033e+00 -9.5402e-01 +3.7171e+00 -1.4661e+00 +1.5177e+00 +4.0528e+00 +1.0312e+00 -2.5788e+00 -3.3343e+00 -4.3139e+00 +3.5962e+00 -5.4028e-02 +2.4521e+00 -1.6224e+00 -2.4548e+00 -3.9400e+00 +4.9732e+00 -1.0082e+00 +2.0198e+00
31 +1.034025572e+03 +1.034025572e+03 +1.971865572e+03 +1.971865572e+03 -8.2930e-01 +3.4009e-01 +4.8131e+00 +3.1465e+00 -1.3710e+00 -4.7818e+00 -4.9182e+00 +1.4547e-01 +4.3493e+00 +3.5217e+00 +3.2014e+00 +3.4180e+00 -2.8957e-01 +9.8841e-01 +4.4768e+00 -6.9378e-01 -3.5618e+00 -8.8431e-01 +2.2342e-01 +3.8907e+00
39 +2.681011188e+02 +2.681011188e+02 +1.205941119e+03 +1.205941119e+03 -3.6995e+00 +2.7518e+00 -1.0003e+00 +3.4350e+00 +4.0758e+00 +2.2945e+00 +4.8751e+00 +4.4400e+00 -4.3409e+00 +2.5912e+00 +1.8580e+00 +2.1803e+00 -8.2577e-01 -1.8973e+00 -3.3562e+00 -2.6827e+00 -1.2336e+00 -4.0842e+00 +1.2787e+00 -1.9574e-01
% function evaluation | noise-free fitness - Fopt (-7.872000000000e+01) | best noise-free fitness - Fopt | measured fitness | best measured fitness | x1 | x2...
1 +3.812929172e+06 +3.812929172e+06 +3.812850452e+06 +3.812850452e+06 +2.2696e+00 +1.1239e-01 -9.9464e-01 -2.1000e+00 -4.0362e+00 -3.3016e+00 +1.2062e+00 +3.4561e+00 -4.6107e+00 -7.3725e-01 -1.6909e+00 +2.1566e+00 -4.2237e-01 -3.6001e+00 -1.5555e+00 +4.5778e+00 -3.2264e+00 -4.0940e+00 +1.8941e+00 -3.3314e+00
4 +1.661907699e+04 +1.661907699e+04 +1.654035699e+04 +1.654035699e+04 +4.4122e+00 -3.4297e+00 +1.6622e+00 -1.8285e+00 +8.5386e-01 -4.9297e+00 +3.5802e+00 +4.1343e+00 -4.5131e+00 +7.0831e-01 -1.4248e+00 -1.9270e+00 +6.4289e-02 +4.5713e+00 -6.9826e-01 +3.3080e+00 -4.2353e+00 +4.1115e+00 +1.7064e+00 +6.5180e-01
104 +2.822556320e+03 +2.822556320e+03 +2.743836320e+03 +2.743836320e+03 +4.7869e+00 +4.8356e+00 +1.5451e+00 +2.0817e+00 +3.5661e+00 +2.9911e+00 +8.2042e-01 -4.9700e+00 +3.8659e+00 +1.7953e+00 +3.5356e+00 +4.5262e+00 +3.4988e+00 -3.9202e+00 +1.6675e+00 -4.1379e+00 +1.6017e+00 +9.8417e-01 +3.6770e+00 +3.7640e+00
124 +7.667438745e+02 +7.667438745e+02 +6.880238745e+02 +6.880238745e+02 +4.8295e+00 +3.4177e+00 -1.9749e+00 +1.2414e+00 +9.3620e-01 -3.7302e+00 +4.6569e+00 -2.3556e+00 -2.0403e+00 +4.8323e-01 +4.9443e+00 +1.4276e-01 -2.9555e+00 +2.0182e+00 +6.1665e-01 -3.8059e+00 -1.7360e+00 -3.0729e+00 -1.5237e+00 +1.8135e+00
% function evaluation | noise-free fitness - Fopt (6.997000000000e+01) | best noise-free fitness - Fopt | measured fitness | best measured fitness | x1 | x2...
1 +1.163207161e+07 +1.163207161e+07 +1.163214158e+07 +1.163214158e+07 -3.0186e+00 +3.0561e+00 +6.0048e-01 +2.8455e+00 +3.4280e+00 -3.7287e+00 +2.2844e+00 -3.8636e+00 +3.9277e+00 -3.1364e+00 +3.7722e-01 -3.5335e+00 -3.6024e+00 -2.9945e+00 +4.8597e+00 -2.2472e+00 +1.1916e-01 -2.1462e+00 -4.1390e+00 +4.0672e+00
2 +9.167990457e+05 +9.167990457e+05 +9.168690157e+05 +9.168690157e+05 +5.2695e-01 -3.7694e+00 -3.7737e+00 +8.7272e-01 -4.4743e+00 +4.6565e+00 +4.8777e+00 -3.8938e+00 +2.5777e+00 +4.2106e+00 -2.4317e+00 -4.1247e+00 +4.1920e+00 +1.8816e+00 -4.5133e+00 -3.2688e+00 +4.0477e+00 +7.1284e-01 +3.5373e+00 +4.8610e+00
10 +3.126115566e+02 +3.126115566e+02 +3.825815566e+02 +3.825815566e+02 -2.7171e+00 +4.1694e+00 +2.0635e+00 -4.4385e+00 -2.5905e-01 -2.9067e+00 -4.9312e+00 -2.4327e+00 -3.7964e+00 -1.7950e+00 +1.9638e+00 -4.0709e+00 -1.0613e+00 +4.2811e-01 -9.0858e-01 -1.5828e-01 +1.5680e-01 -3.7768e+00 +3.7722e+00 +4.7412e+00
% function evaluation | noise-free fitness - Fopt (9.791400000000e+02) | best noise-free fitness - Fopt | measured fitness | best measured fitness | x1 | x2...
1 +7.763198259e+07 +7.763198259e+07 +7.763296173e+07 +7.763296173e+07 +2.3894e+00 -3.9339e+00 -4.4673e+00 +4.8427e+00 -2.0073e+00 +3.9364e+00 -1.1765e+00 +2.5080e+00 -1.3656e+00 +1.6423e+00 +1.3877e+00 +2.1632e+00 +4.9142e+00 +4.9431e+00 +1.3691e+00 -3.8854e+00 -7.4997e-01 -9.4514e-01 +4.4070e+00 +2.1727e+00
2 +1.623788434e+07 +1.623788434e+07 +1.623886348e+07 +1.623886348e+07 -8.8717e-01 -3.4181e+00 +3.7486e+00 +4.1745e+00 -9.9892e-01 +1.7294e+00 +7.3426e-01 -1.6530e+00 -2.9588e+00 -6.0397e-01 +1.2984e+00 -2.8749e+00 -9.4460e-02 +3.0466e+00 +2.9012e+00 -3.6587e+00 +1.8065e+00 -4.7388e+00 -3.1246e+00 +2.0830e+00
3 +5.954834808e+06 +5.954834808e+06 +5.955813948e+06 +5.955813948e+06 +1.1893e+00 -2.1574e+00 +1.1519e+00 +2.3838e+00 -4.4518e+00 -2.7070e+00 -3.9218e+00 +2.7895e+00 -1.8901e+00 -1.7660e+00 +3.1795e+00 -3.0546e-01 +2.4155e+00 -2.4591e+00 -2.1945e+00 +2.0734e+00 +3.2670e+00 -1.9770e+00 +2.5744e+00 -1.3314e+00
15 +1.934990817e+06 +1.934990817e+06 +1.935969957e+06 +1.935969957e+06 +7.2263e-01 -7.2225e-01 +2.0592e+00 +3.2815e+00 +2.8826e+00 -4.6134e+00 -2.8503e-01 +1.4630e+00 +1.3576e+00 -1.2988e+00 +4.2741e+00 -4.2615e+00 +3.9857e+00 +9.8593e-01 +4.2291e+00 -1.5332e+00 +3.2441e+00 +4.4311e+00 +2.3928e+00 -5.3884e-01
18 +1.273505197e+06 +1.273505197e+06 +1.274484337e+06 +1.274484337e+06 -3.2758e+00 -2.0457e+00 -1.8983e-01 -4.2301e+00 +2.1369e+00 -3.3998e+00 +3.1400e+00 +1.4683e-01 -6.5891e-01 +1.2849e+00 -1.1775e+00 +4.1886e+00 -2.3501e+00 +1.8175e+00 -1.1336e+00 +1.5929e+00 -1.0545e+00 -2.3298e+00 +1.6865e+00 +1.0312e+00
19 +1.327664944e+05 +1.327664944e+05 +1.337456344e+05 +1.337456344e+05 +3.1182e+00 -4.4310e+00 -1.5648e+00 -4.1356e+00 -2.1137e+00 -7.1376e-01 -2.3399e+00 -2.2348e+00 -3.3747e+00 -4.2935e+00 +2.1057e+00 +4.2576e+00 -9.5336e-02 -2.5067e+00 +7.8138e-01 +4.0583e+00 +1.6183e+00 -3.9081e+00 +2.3522e-01 +4.1672e+00
39 +5.998800605e+04 +5.998800605e+04 +6.096714605e+04 +6.096714605e+04 -4.5835e+00 -3.8257e+00 +2.4426e+00 -9.0717e-01 +2.2515e+00 +1.2318e+00 +2.1680e+00 -3.6565e+00 +1.5551e+00 -7.5253e-01 +3.5779e+00 +4.0993e+00 -9.3493e-01 -2.7065e+00 +3.5844e+00 -1.4041e+00 -3.0622e+00 -3.6193e+00 -3.5354e-01 -4.3584e+00
85 +3.578669709e+04 +3.578669709e+04 +3.676583709e+04 +3.676583709e+04 -1.0133e+00 -9.5007e-01 +1.3187e+00 +3.6474e-01 +4.1486e+00 -4.2967e+00 -5.9519e-01 -1.0208e+00 -1.8682e+00 +2.0198e+00 +7.1329e-01 -2.2274e+00 -4.2136e+00 +4.8389e+00 +4.8273e+00 -4.4851e-01 -3.1644e+00 -3.6120e+00 -2.8625e+00 -1.3593e+00
99 +8.771636148e+03 +8.771636148e+03 +9.750776148e+03 +9.750776148e+03 -1.8783e+00 +1.2952e+00 +1.6579e+00 -3.7575e+00 -1.9653e+00 +4.1674e-01 -1.0216e+00 +7.6429e-01 -2.0360e+00 +3.9408e+00 -1.3782e+00 -2.1466e+00 +4.5870e-01 -1.4929e+00 -3.6793e+00 -2.6978e+00 -1.7541e+00 +2.1724e+00 +2.5998e+00 -3.2005e+00
% function evaluation | noise-free fitness - Fopt (-8.900000000000e-01) | best noise-free fitness - Fopt | measured fitness | best measured fitness | x1 | x2...
1 +7.148448970e+05 +7.148448970e+05 +7.148440070e+05 +7.148440070e+05 -4.0976e+00 -1.5463e+00 +2.7632e+00 +4.3904e+00 +3.7801e-01 +3.4093e+00 -5.5520e-01 -4.7265e+00 +2.2702e+00 +3.3000e+00 -3.4739e+00 +3.0665e+00 -1.4964e+00 +1.2487e+00 +4.3783e-01 -1.4543e+00 -3.1837e+00 -3.4837e+00 -1.1186e+00 -1.8936e+00
9 +1.110475771e+04 +1.110475771e+04 +1.110386771e+04 +1.110386771e+04 -3.8752e+00 -4.3466e+00 +3.0364e+00 +4.4361e+00 -3.4212e+00 -3.6921e+00 +1.8235e+00 +8.2334e-01 +2.1371e+00 +7.5888e-01 +4.5726e+00 +1.3127e+00 -3.4459e+00 -1.6396e+00 +3.0405e+00 -1.1743e+00 +4.0216e+00 -7.3539e-02 -2.2887e+00 -2.6280e+00
43 +3.763561399e+03 +3.763561399e+03 +3.762671399e+03 +3.762671399e+03 +1.6680e+00 -2.7606e+00 +3.9446e-02 +2.7446e+00 +1.4751e+00 -1.0143e+00 +3.9666e+00 +3.7530e-01 -2.1178e+00 -2.5301e+00 -2.7060e+00 +4.6821e+00 -6.4626e-01 +1.0341e-01 -1.1139e+00 +8.6770e-01 -3.2697e+00 -3.7107e+00 -2.1392e+00 -2.1823e+00
82 +1.458135145e+03 +1.458135145e+03 +1.457245145e+03 +1.457245145e+03 -5.2747e-01 -1.4244e-01 +3.5441e+00 +2.2880e+00 -4.8869e+00 +2.9423e+00 +4.9815e+00 +4.4007e+00 -2.7757e+00 -1.0470e+00 +4.1483e+00 -4.9424e+00 -3.1043e+00 -2.6476e+00 -4.3501e+00 +4.9287e+00 +3.6719e-01 -3.7535e+00 +2.4248e+00 -2.2232e+00
140 +3.372508077e+02 +3.372508077e+02 +3.363608077e+02 +3.363608077e+02 -7.3335e-01 -4.7031e+00 +2.9994e+00 +8.3730e-02 -1.4271e+00 +1.2217e+00 -1.5314e+00 -1.7146e+00 -3.1853e+00 -7.0583e-01 -4.9747e+00 +3.6965e-02 +3.1169e+00 +3.3217e-01 -4.6434e+00 +3.3086e+00 +2.6854e+00 +3.1943e+00 +3.8355e+00 +3.5913e+00
% function evaluation | noise-free fitness - Fopt (-2.206000000000e+01) | best noise-free fitness - Fopt | measured fitness | best measured fitness | x1 | x2...
1 +3.213329440e+06 +3.213329440e+06 +3.213307380e+06 +3.213307380e+06 +4.6833e+00 +6.5679e-01 -4.6412e-02 +3.7891e+00 -2.1424e+00 -4.3395e+00 +2.9000e+00 +2.2015e+00 -1.6704e+00 -1.4399e+00 -9.4177e-01 +3.3602e+00 +3.8039e+00 +4.3473e+00 -3.0541e-01 -1.6302e+00 -3.4005e+00 -3.1745e+00 -3.2566e-01 -4.6974e+00
2 +1.018600548e+06 +1.018600548e+06 +1.018578488e+06 +1.018578488e+06 +1.9451e+00 -4.1514e+00 -2.4082e+00 -3.9310e+00 +4.0159e+00 -4.5459e+00 -3.1009e+00 +6.1562e-01 -1.3718e+00 +1.5192e+00 -2.3890e+00 +3.0447e+00 -3.7735e-01 -3.6757e+00 +3.0484e+00 +1.4279e+00 +4.3766e-02 +4.9149e+00 -2.2867e+00 -4.2076e+00
6 +4.081287544e+05 +4.081287544e+05 +4.081066944e+05 +4.081066944e+05 -1.7082e+00 +8.7900e-01 -4.9230e+00 +4.3845e-01 -1.0802e+00 +4.4718e-02 -2.4871e-01 -3.2871e+00 -3.9533e+00 -4.7456e+00 -4.3394e+00 -4.1662e+00 +2.7866e+00 -1.8948e+00 -4.8153e+00 -1.9973e+00 -3.3230e+00 +4.6437e+00 +9.2382e-01 -2.7832e+00
142 +5.404802478e+04 +5.404802478e+04 +5.402596478e+04 +5.402596478e+04 +1.0786e-01 +9.1779e-01 -3.8856e+00 +1.3198e+00 -1.1246e+00 -2.4947e+00 -2.0134e+00 +3.6911e+00 +3.3899e-01 -4.6845e+00 -4.0951e+00 -2.1859e+00 +2.6128e-01 +3.4645e+00 -1.3975e+00 -3.6923e+00 +1.9695e-01 +3.4500e+00 +3.5551e+00 +1.2548e+00
% function evaluation | noise-free fitness - Fopt (1.632800000000e+02) | best noise-free fitness - Fopt | measured fitness | best measured fitness | x1 | x2...
1 +9.127248507e+07 +9.127248507e+07 +9.127264835e+07 +9.127264835e+07 -2.0011e+00 -4.8209e+00 -4.3105e+00 +3.9367e+00 -1.5802e+00 +3.8214e+00 +2.3150e+00 -2.8112e+00 -2.5436e+00 +1.9231e+00 +3.0509e+00 -3.4739e+00 -4.8299e+00 +4.6126e+00 -6.7058e-01 -2.8515e+00 +3.1907e+00 +1.2110e+00 +1.5244e+00 +4.4237e+00
2 +3.316793155e+06 +3.316793155e+06 +3.316956435e+06 +3.316956435e+06 +3.2185e+00 +2.3319e+00 -9.9903e-01 -2.0853e-02 +3.3665e+00 -2.1144e-01 +2.1892e+00 +2.2020e+00 +2.1351e+00 +3.3428e-01 +5.4183e-02 -7.4964e-01 +2.5493e+00 -3.7269e+00 -2.9185e+00 -3.6798e+00 +1.6281e-01 +4.9481e+00 -5.4312e-01 +2.4567e+00
4 +1.825209471e+06 +1.825209471e+06 +1.825372751e+06 +1.825372751e+06 +1.6804e+00 -1.1362e+00 +4.4595e+00 -2.8454e+00 +8.5043e-01 -3.6672e+00 -3.0482e+00 +4.3909e+00 -2.6390e+00 +1.3618e+00 -3.8850e+00 +2.4424e+00 +1.5403e+00 -2.8471e+00 -1.0779e+00 -4.6838e+00 -4.2240e+00 -3.6366e+00 +2.0184e+00 -1.6353e+00
8 +6.444944180e+04 +6.444944180e+04 +6.461272180e+04 +6.461272180e+04 -1.9556e+00 +3.6316e+00 -1.8186e+00 -3.4072e+00 -3.3898e+00 -1.2070e+00 -1.1244e+00 +1.5543e+00 -7.6057e-01 +3.9943e+00 +4.0783e+00 +2.8981e+00 -4.3167e+00 +3.8431e+00 +3.0530e+00 -2.3947e+00 +3.3282e-01 -2.7971e+00 -1.1675e+00 -2.0266e+00
16 +3.061048235e+04 +3.061048235e+04 +3.077376235e+04 +3.077376235e+04 -3.0513e+00 +4.2868e+00 +1.1276e+00 -1.7987e+00 -1.5972e+00 -1.8072e+00 -2.5025e+00 -3.9004e+00 -4.2857e+00 -2.4547e+00 -2.1721e+00 +2.0531e+00 -1.8726e+00 +3.5240e+00 -8.5097e-01 -1.6207e-01 +2.7771e+00 +3.3674e+00 +1.8084e+00 -4.3526e+00
18 +1.218426452e+04 +1.218426452e+04 +1.234754452e+04 +1.234754452e+04 -4.1796e+00 -3.7746e+00 +9.7425e-01 -4.7284e+00 -3.0620e-01 -1.5230e+00 -2.1502e-01 -4.5978e+00 +2.6154e+00 +1.0181e+00 +2.3477e+00 +3.7831e+00 +4.6258e+00 +2.7897e-01 -3.3064e-01 -4.2594e+00 +4.1583e+00 -4.4990e+00 +6.3434e-01 +2.0137e+00
22 +8.606043039e+03 +8.606043039e+03 +8.769323039e+03 +8.769323039e+03 +3.2891e+00 -6.2060e-01 +2.8775e+00 +1.2107e+00 +8.2546e-01 +2.8241e+00 -2.1236e+00 -2.2521e+00 -1.3225e+00 +2.0400e+00 -3.8176e+00 +4.0650e+00 +3.6966e+00 +3.1028e+00 -2.4190e+00 -3.1982e+00 +4.8099e+00 +3.9410e+00 -1.9861e+00 -1.8558e+00
33 +3.185475230e+03 +3.185475230e+03 +3.348755230e+03 +3.348755230e+03 -5.2585e-02 -1.1421e+00 -3.9948e+00 -4.1962e+00 -4.1311e+00 -2.7730e+00 +5.3051e-01 +1.4032e+00 +6.5161e-01 +2.9760e+00 +4.0742e+00 -2.2677e+00 -1.0555e+00 -4.5304e+00 -2.9688e-01 -3.9060e+00 +3.4821e+00 -4.5671e+00 -4.1429e+00 -8.1071e-01
34 +1.206044595e+03 +1.206044595e+03 +1.369324595e+03 +1.369324595e+03 -3.0321e+00 -2.4425e+00 -2.1348e+00 -6.2829e-01 +2.9105e+00 -7.8181e-01 -4.7293e+00 +7.7054e-01 -3.4041e-01 +8.9360e-01 -4.8963e+00 -2.0508e-02 +2.8381e+00 -9.4360e-01 -3.0880e-01 +4.0870e+00 -3.7778e+00 +3.3918e+00 +3.8512e+00 -2.1691e+00
53 +1.477326082e+02 +1.477326082e+02 +3.110126082e+02 +3.110126082e+02 +2.7067e+00 +3.9307e+00 +3.3604e+00 -3.9029e+00 -1.1880e+00 +1.7073e+00 +2.3664e-01 -4.4789e+00 -1.6387e-01 +4.2145e+00 -2.0304e+00 -1.0075e+00 -6.3148e-01 +4.5278e-01 -1.4206e+00 -2.2612e+00 -1.1904e-03 -2.4167e+00 +4.4111e+00 +1.7431e-01
% function evaluation | noise-free fitness - Fopt (3.349000000000e+01) | best noise-free fitness - Fopt | measured fitness | best measured fitness | x1 | x2...
1 +4.288710450e+05 +4.288710450e+05 +4.289045350e+05 +4.289045350e+05 -4.7436e-01 +1.6074e+00 -4.6511e-01 -2.4516e+00 -4.1971e+00 +4.4214e+00 -4.3442e+00 +2.4848e+00 +8.0658e-01 -8.7294e-01 +2.2317e+00 -6.0243e-01 +4.2932e-01 -9.9050e-01 -2.1735e+00 -2.4949e+00 +4.7402e+00 -2.6318e+00 +1.7607e+00 +3.0702e+00
4 +5.936188412e+03 +5.936188412e+03 +5.969678412e+03 +5.969678412e+03 +4.0213e+00 -1.4687e-01 -6.7085e-01 -4.8008e+00 -5.1797e-01 +2.0256e+00 -2.8296e-01 +4.9960e+00 -1.0037e-02 -3.2696e+00 +3.5323e+00 -4.2549e-01 +3.3096e+00 +1.5724e+00 +4.6865e+00 -2.1848e+00 -1.3924e+00 -3.0280e+00 +3.2120e+00 -1.6421e+00
80 +8.014206965e+02 +8.014206965e+02 +8.349106965e+02 +8.349106965e+02 -4.2110e+00 -8.1214e-02 +6.7840e-01 +4.2495e+00 -4.7383e+00 -2.0724e+00 -2.4907e+00 -1.8587e+00 +1.2923e+00 -2.5398e+00 -4.5800e+00 +4.4644e+00 -4.5662e+00 -3.6060e+00 -5.0336e-01 +3.2492e+00 +3.1765e+00 +6.8073e-02 +3.6553e+00 +4.9569e+00
% function evaluation | noise-free fitness - Fopt (-3.700000000000e+00) | best noise-free fitness - Fopt | measured fitness | best measured fitness | x1 | x2...
1 +5.935610407e+02 +5.935610407e+02 +5.898610407e+02 +5.898610407e+02 -2.8612e+00 +3.6272e-01 -3.0996e+00 +3.8312e+00 +3.8493e+00 +3.8562e+00 +2.8873e+00 +4.9910e-02 -1.3244e+00 -2.6687e+00 +2.8322e+00 -4.9529e+00 +3.1515e+00 +4.7235e+00 +1.9070e+00 +3.9512e+00 -3.7888e+00 +3.2466e+00 -4.0148e+00 -1.1969e+00
84 +3.585342911e+02 +3.585342911e+02 +3.548342911e+02 +3.548342911e+02 -3.9866e+00 +1.4998e+00 +4.1855e+00 +4.6099e+00 -8.2185e-02 +2.2483e+00 +3.6670e+00 -4.5697e+00 +2.6063e+00 -9.2646e-01 -9.0796e-01 -4.6056e+00 -4.8858e-01 -2.1404e+00 -3.7107e+00 +3.9417e+00 -3.5521e+00 +3.6592e-01 +2.8467e+00 +1.8268e+00
122 +2.313865778e+02 +2.313865778e+02 +2.276865778e+02 +2.276865778e+02 +3.8215e+00 +8.8574e-01 -7.4729e-02 +2.0189e+00 +4.1487e+00 +3.0595e+00 +2.3059e+00 +3.9848e+00 +1.4732e+00 -2.0367e+00 +3.0116e+00 -7.2188e-01 -4.3520e+00 +3.8413e+00 -9.7370e-01 -2.4788e-01 -8.2043e-01 +1.6876e+00 -5.4004e-01 -1.7923e+00
% function evaluation | noise-free fitness - Fopt (-9.967700000000e+02) | best noise-free fitness - Fopt | measured fitness | best measured fitness | x1 | x2...
1 +2.729096332e+07 +2.729096332e+07 +2.728996655e+07 +2.728996655e+07 -1.1479e+00 -2.8594e-01 -1.9006e-01 +3.4668e-02 +4.4634e+00 -7.6704e-01 +5.2197e-01 -2.1022e+00 +2.1615e+00 -1.1891e+00 -1.6408e+00 -3.1309e+00 +9.4021e-01 -3.9072e+00 +1.4643e+00 -3.1363e+00 +4.3417e+00 +4.9696e+00 +2.6056e+00 +2.9050e+00
2 +1.954140803e+06 +1.954140803e+06 +1.953144033e+06 +1.953144033e+06 +1.6622e+00 -4.4975e+00 +8.7212e-01 +8.3404e-01 -2.3978e+00 -4.1151e+00 -4.3946e+00 +4.9735e+00 -4.2744e+00 -1.2917e+00 -4.8327e+00 +3.2646e+00 -2.0620e+00 +4.1138e-01 -2.0048e+00 +3.6237e+00 +3.6622e-01 +4.3621e+00 +2.5618e+00 -2.6721e+00
3 +9.221769161e+04 +9.221769161e+04 +9.122092161e+04 +9.122092161e+04 -4.5918e+00 +1.7117e-01 +9.1733e-01 -3.7252e+00 +4.8191e+00 +2.0471e+00 +4.2382e+00 -1.6120e+00 +3.9070e+00 +2.7357e+00 -3.4005e+00 +2.2847e+00 +2.3592e+00 +8.9290e-01 -4.0890e+00 -3.9018e+00 -1.3739e+00 +1.9289e+00 -4.8346e+00 -3.8056e+00
6 +1.197546888e+03 +1.197546888e+03 +2.007768880e+02 +2.007768880e+02 -2.6112e+00 -1.7378e+00 +1.0164e+00 -2.9919e+00 +3.4346e+00 +2.4170e+00 +2.1984e+00 +4.0463e+00 +9.6070e-01 -3.7772e+00 -4.1108e+00 +3.4655e+00 -1.3685e-01 +2.4724e+00 -1.5613e+00 -1.8358e+00 -2.0126e+00 -4.3302e+00 +6.5190e-01 -1.6881e+00
92 +6.342688706e+02 +6.342688706e+02 -3.625011294e+02 -3.625011294e+02 -2.6285e+00 +5.4728e-01 -2.2715e+00 -2.3028e+00 -4.1498e+00 -1.2292e+00 -4.8518e+00 -9.5776e-02 +4.9151e-01 +4.5116e+00 +1.0022e+00 +1.4331e+00 +2.0435e+00 -4.4086e+00 +1.9978e-01 +4.1832e+00 -4.6478e+00 -2.3643e-01 -4.9936e+00 +1.2176e+00
% function evaluation | noise-free fitness - Fopt (4.500000000000e+01) | best noise-free fitness - Fopt | measured fitness | best measured fitness | x1 | x2...
1 +1.740779495e+07 +1.740779495e+07 +1.740783995e+07 +1.740783995e+07 +4.9114e+00 +4.0425e-02 +3.1253e-01 +1.2924e+00 -2.3908e+00 +3.9666e+00 +2.9282e+00 +9.1078e-01 -4.4691e+00 +3.6148e+00 +9.1053e-01 -3.4196e+00 -4.6218e+00 +2.6831e+00 +1.0801e+00 -4.9570e+00 +1.3973e+00 -1.2780e+00 +4.7038e-01 +4.7962e+00
3 +5.356228025e+06 +5.356228025e+06 +5.356273025e+06 +5.356273025e+06 +8.6312e-02 +4.4818e+00 +1.7887e+00 +2.4185e-01 +3.8564e+00 -1.3883e+00 +1.3336e+00 -3.2302e-01 -2.2271e+00 +4.2360e+00 -2.6658e+00 -4.7376e-01 +4.6335e+00 +3.8011e+00 -5.4506e-01 -1.4553e+00 +6.6408e-01 +4.7329e+00 -4.0414e-01 +7.2542e-02
9 +1.032792131e+05 +1.032792131e+05 +1.033242131e+05 +1.033242131e+05 -2.3916e+00 -8.6337e-02 +3.9206e+00 +1.8463e+00 +7.5463e-01 -1.6473e+00 +1.3226e+00 -4.8959e+00 +1.1177e+00 +4.0209e+00 +1.9227e+00 +6.7098e-02 +3.3198e+00 -3.0326e+00 -3.9527e+00 -2.8875e+00 -2.4405e+00 +1.7964e+00 -2.1656e+00 -1.9430e-01
37 +2.852423028e+03 +2.852423028e+03 +2.897423028e+03 +2.897423028e+03 -2.8610e+00 -1.7109e+00 -8.9461e-01 -4.7752e-01 -2.7622e+00 -1.4351e+00 +4.6813e+00 -3.4117e-01 +4.4604e+00 +2.2115e+00 -4.0864e+00 +2.2917e+00 +3.4472e+00 -4.9323e+00 -1.8562e+00 -2.0447e+00 +1.8482e-01 +6.1135e-01 +3.0131e-01 -9.3186e-01
87 +1.676675779e+03 +1.676675779e+03 +1.721675779e+03 +1.721675779e+03 -2.1932e+00 +3.0048e+00 +1.6898e+00 +9.1114e-01 +2.1637e+00 -9.4605e-01 -1.4997e+00 -2.9717e+00 -6.8808e-01 -3.8682e+00 -4.0523e+00 +1.8259e+00 -3.5953e-01 +4.6936e+00 -1.9623e+00 -2.6741e+00 +3.2498e+00 +3.1668e+00 +4.1166e+00 -1.6125e+00
% function evaluation | noise-free fitness - Fopt (2.131000000000e+02) | best noise-free fitness - Fopt | measured fitness | best measured fitness | x1 | x2...
1 +6.453897436e+07 +6.453897436e+07 +6.453918746e+07 +6.453918746e+07 +1.2191e+00 -8.8911e-02 -4.5851e-01 +3.2015e+00 +9.9946e-01 -2.3397e+00 +1.5829e+00 +1.5302e+00 -2.7617e+00 +3.8360e+00 +1.1495e+00 -2.3093e+00 +3.4562e+00 -3.3366e+00 +3.9183e+00 -2.9182e+00 +4.1261e+00 +1.1521e+00 -4.4145e+00 +2.9109e+00
3 +9.107470018e+06 +9.107470018e+06 +9.107683118e+06 +9.107683118e+06 -4.7213e+00 +2.8001e+00 -4.9942e+00 -1.7221e-01 -4.0406e+00 -4.9854e+00 +2.6868e+00 +1.2992e+00 +1.7507e+00 -2.9337e+00 +4.8264e+00 +3.7546e+00 -1.0254e+00 +1.7036e+00 -1.6383e+00 -2.6117e+00 +4.6814e+00 +3.9757e+00 +1.9634e+00 +4.6930e+00
6 +2.005652363e+06 +2.005652363e+06 +2.005865463e+06 +2.005865463e+06 -1.8184e+00 -3.8705e+00 -4.1704e+00 -3.8298e+00 +2.1508e+00 -4.1794e+00 -4.7405e+00 +4.4526e+00 +4.3897e+00 +3.1099e+00 -1.2788e+00 -3.5503e+00 -2.0949e+00 +2.5228e+00 +3.2483e+00 +4.2776e+00 -1.1165e+00 -4.5620e+00 -3.3708e+00 +4.2834e+00
11 +2.664533360e+05 +2.664533360e+05 +2.666664360e+05 +2.666664360e+05 +3.6985e+00 -2.7854e+00 +4.0677e-01 -3.9649e+00 +3.4244e+00 +1.8801e+00 +7.8068e-01 -3.5325e+00 -4.5145e+00 -2.7927e+00 +1.4791e-01 -1.7820e+00 +5.9854e-02 +3.0527e+00 +3.4005e+00 -2.9395e+00 +4.9786e-01 -4.9314e+00 -1.3280e+00 -1.1892e+00
21 +4.858679974e+04 +4.858679974e+04 +4.879989974e+04 +4.879989974e+04 +2.0218e+00 +3.8036e+00 +2.6250e+00 -1.3749e+00 -2.6245e+00 -2.6693e+00 -1.5929e-01 -1.6516e+00 -3.9570e+00 -2.7354e+00 -4.3712e+00 +2.9953e+00 -3.7751e-01 -7.3951e-01 -3.7309e+00 -1.0159e+00 +2.9113e+00 -5.0774e-01 -4.6160e+00 -3.9568e+00
28 +1.999115442e+04 +1.999115442e+04 +2.020425442e+04 +2.020425442e+04 -1.8734e-01 -2.3706e+00 +4.0219e+00 +1.5749e+00 -4.9896e+00 +3.6443e-01 -3.6312e+00 -2.5784e+00 +9.5362e-02 -3.2415e+00 -3.0350e+00 -2.4206e+00 -3.1804e+00 -1.4820e-01 -4.5612e+00 +2.8904e+00 -2.2292e+00 -3.0767e+00 -2.2114e+00 -1.7450e+00
36 +9.132724202e+03 +9.132724202e+03 +9.345824202e+03 +9.345824202e+03 +2.3954e+00 -5.5101e-01 -5.9187e-01 -4.3551e+00 -4.4560e+00 +1.1546e-01 +2.6170e-01 -2.4377e+00 +1.8337e+00 +1.0480e+00 +1.9873e+00 +2.6468e+00 -1.7794e+00 +5.6661e-01 +1.7934e+00 -1.7405e+00 -4.6716e+00 +1.4646e+00 -1.2950e+00 +2.9426e-01
65 +3.347103778e+02 +3.347103778e+02 +5.478103778e+02 +5.478103778e+02 +3.8101e+00 +3.6850e+00 -3.7449e+00 +2.2655e+00 +2.4538e+00 -2.3528e+00 -2.7968e+00 -3.4443e+00 +1.5036e+00 -4.9510e+00 -2.1960e-01 +2.0110e+00 +1.6258e+00 +3.7772e+00 -2.8620e+00 -4.3450e+00 +1.7515e+00 +1.0924e-02 +1.7803e-01 -3.7733e+00
