% function evaluation | noise-free fitness - Fopt (-5.494000000000e+01) | best noise-free fitness - Fopt | measured fitness | best measured fitness | x1 | x2...
1 +6.555414950e+07 +6.555414950e+07 +6.555409456e+07 +6.555409456e+07 +1.3673e+00 +3.9773e+00 -3.9620e+00 +2.7184e+00 -4.6793e+00 -3.5625e+00 -5.2608e-01 -1.9107e+00 +4.4489e+00 -4.8032e+00 -4.6466e+00 +2.8980e+00 -4.6587e-01 -4.8815e-01 +4.4844e+00 -3.4738e+00 -2.1410e+00 -1.0560e+00 -4.4411e+00 +2.4397e+00
2 +3.251796588e+06 +3.251796588e+06 +3.251741648e+06 +3.251741648e+06 -4.5167e+00 -2.5770e+00 -3.0965e+00 +3.6618e-01 +3.3428e+00 -3.3683e-01 +1.2775e+00 -7.0850e-02 -1.3031e+00 -3.7386e+00 -3.8000e+00 +9.2753e-01 +2.7668e+00 +7.2995e-01 +2.9377e+00 +2.6825e+00 +3.4101e+00 -7.0192e-01 +1.7122e+00 +2.2757e+00
121 +1.817207837e+06 +1.817207837e+06 +1.817152897e+06 +1.817152897e+06 -2.2367e+00 -3.9732e+00 -3.7345e+00 -1.2448e+00 +1.5946e+00 -4.3776e+00 -3.6628e-01 +1.9540e+00 +5.0722e-02 -5.5687e-01 -3.3470e+00 +3.8421e+00 +4.5119e+00 -3.7162e+00 -3.8694e+00 -1.2626e+00 -1.6466e+00 -2.2103e+00 -3.8111e+00 +3.3177e+00
% function evaluation | noise-free fitness - Fopt (5.913000000000e+01) | best noise-free fitness - Fopt | measured fitness | best measured fitness | x1 | x2...
1 +6.161705757e+06 +6.161705757e+06 +6.161764887e+06 +6.161764887e+06 +4.4996e+00 +1.3511e+00 +4.1665e+00 +1.4791e-01 +3.4343e+00 -4.6339e+00 +2.6998e+00 -3.0617e+00 -4.9810e+00 +1.8949e+00 +5.4470e-02 +8.6295e-01 -2.3427e+00 +3.7570e+00 -1.6932e+00 -4.0703e+00 +5.6359e-02 +1.6302e+00 -1.8548e+00 +2.9433e+00
18 +3.841198432e+06 +3.841198432e+06 +3.841257562e+06 +3.841257562e+06 +1.5553e-02 +5.8945e-01 -2.0814e-02 -4.2630e+00 -4.0830e+00 -2.2682e+00 -1.9865e+00 -4.5297e-01 -4.1884e+00 -3.2948e+00 -3.2365e+00 -4.0242e+00 -4.9441e+00 -4.0565e+00 -3.2511e+00 -2.2138e-01 -1.0726e-01 -3.8839e+00 +7.8714e-01 +1.0616e+00
137 +2.305394252e+06 +2.305394252e+06 +2.305453382e+06 +2.305453382e+06 +2.5946e-01 -1.2958e+00 +3.9734e-01 +3.2885e+00 +1.6271e+00 +9.7051e-01 +8.0805e-01 -4.0895e+00 +3.9293e+00 -4.2447e+00 +3.9165e+00 -4.4689e+00 -4.1969e+00 -2.3595e+00 -4.1365e+00 -3.5946e+00 +7.7879e-01 +1.1617e+00 -3.1123e+00 +4.1111e+00
% function evaluation | noise-free fitness - Fopt (-4.915300000000e+02) | best noise-free fitness - Fopt | measured fitness | best measured fitness | x1 | x2...
1 +1.947265610e+07 +1.947265610e+07 +1.947216457e+07 +1.947216457e+07 -2.4410e+00 -3.1433e+00 +1.7572e+00 +2.1008e+00 +4.4263e+00 -1.7840e+00 -2.3390e+00 +1.2377e+00 +3.3092e+00 +2.8200e+00 -2.4790e+00 +2.0233e+00 +4.4641e+00 +4.8702e-01 -2.5472e+00 +2.2116e+00 +4.3368e+00 -2.4483e-01 -3.7539e+00 -4.7011e+00
2 +6.417721334e+06 +6.417721334e+06 +6.417229804e+06 +6.417229804e+06 -4.7140e+00 +1.6098e+00 +1.1615e+00 +4.2587e+00 +2.8275e+00 +5.4446e-01 +3.3168e+00 +4.0819e+00 +2.1267e+00 +4.9161e+00 +2.0764e-01 -4.1684e+00 +2.5391e+00 -4.4563e+00 -3.2607e+00 +3.6965e+00 +3.6480e+00 -1.4853e+00 -2.4665e+00 +1.1627e-02
17 +6.091130936e+06 +6.091130936e+06 +6.090639406e+06 +6.090639406e+06 +3.2406e+00 +3.6898e+00 +2.0827e+00 -1.1134e+00 +2.3522e+00 -4.4331e+00 -4.7387e+00 +3.4057e+00 -3.1351e+00 +7.9770e-01 +2.3363e+00 +3.3684e+00 -3.7599e+00 -3.2992e-01 +7.4044e-01 -5.1940e-01 -1.9061e+00 +2.3321e+00 +1.7644e+00 -2.0672e+00
38 +2.570834100e+06 +2.570834100e+06 +2.570342570e+06 +2.570342570e+06 -9.7277e-02 +3.0143e+00 +6.3511e-01 +2.6486e+00 +3.9737e+00 +9.8366e-01 +4.0131e+00 -2.5315e+00 -3.6458e-01 -2.9338e-01 -4.5030e-01 -1.0922e+00 +3.1494e+00 -1.8435e+00 -3.9488e-01 -1.6028e+00 -3.6764e+00 +2.1183e+00 -9.4166e-01 +3.0015e+00
91 +2.499820843e+06 +2.499820843e+06 +2.499329313e+06 +2.499329313e+06 -1.2910e+00 +4.8503e+00 +4.8189e+00 -5.5507e-01 +1.9378e+00 -1.2061e+00 +4.3466e+00 +1.8556e+00 +2.4980e+00 +2.6604e+00 -6.2008e-01 -4.0821e+00 -2.7541e+00 -2.0168e+00 -9.5730e-01 +3.8822e-01 -3.3248e+00 -6.8801e-01 -2.8582e+00 +3.4714e+00
149 +1.452835811e+06 +1.452835811e+06 +1.452344281e+06 +1.452344281e+06 -3.1467e+00 -2.0767e-01 +4.8645e+00 +4.4326e+00 -3.4476e+00 -2.1649e+00 -2.8418e+00 -3.0659e+00 -4.0063e+00 +1.1749e+00 +4.5465e+00 -4.7954e-02 -4.7786e+00 +2.0071e+00 -1.4330e+00 -7.8078e-01 -1.2045e+00 -4.0645e+00 -4.5650e+00 -1.3621e+00
% function evaluation | noise-free fitness - Fopt (-1.702000000000e+02) | best noise-free fitness - Fopt | measured fitness | best measured fitness | x1 | x2...
1 +6.731036461e+07 +6.731036461e+07 +6.731019441e+07 +6.731019441e+07 -6.0721e-01 -1.8925e+00 +4.5352e+00 +2.1781e+00 +3.7221e+00 +8.0385e-01 -1.7499e+00 -4.2236e+00 +4.3959e+00 +7.5326e-01 +2.4385e+00 +1.5410e+00 -3.7634e+00 +4.2181e+00 -4.4557e+00 -3.8801e+00 +3.9633e+00 +4.8492e+00 +1.3248e+00 -4.0716e+00
2 +8.911033217e+06 +8.911033217e+06 +8.910863017e+06 +8.910863017e+06 -2.6697e+00 +2.5973e-01 -3.8733e+00 -2.4793e+00 +3.2535e+00 +3.5283e+00 +1.9498e+00 +3.0389e+00 -2.7036e-01 +3.3760e+00 +3.4616e+00 -2.9944e+00 +2.1679e+00 -2.7692e+00 -4.5494e+00 +9.3814e-01 -4.0186e+00 +3.5308e+00 -4.1824e+00 +1.9392e+00
38 +2.252245398e+06 +2.252245398e+06 +2.252075198e+06 +2.252075198e+06 +3.0532e+00 +4.0654e+00 -1.8276e+00 -2.4523e+00 +1.1284e+00 -3.3192e+00 -2.3051e+00 +1.8850e+00 -1.1697e+00 +3.5437e+00 -1.8103e+00 +2.3767e+00 -3.6145e+00 -2.0393e+00 -4.9350e+00 -8.5127e-01 -2.6848e+00 +4.8775e+00 -3.3693e+00 +1.5051e+00
% function evaluation | noise-free fitness - Fopt (-4.697500000000e+02) | best noise-free fitness - Fopt | measured fitness | best measured fitness | x1 | x2...
1 +6.062088633e+07 +6.062088633e+07 +6.062041658e+07 +6.062041658e+07 +4.1695e+00 -8.8060e-01 -2.1598e+00 +3.0024e+00 -3.3804e-01 +4.9004e+00 -4.1141e+00 -1.6683e+00 +3.3986e+00 -3.0910e+00 -1.7835e+00 +2.2100e+00 +3.0949e+00 +1.8422e+00 -3.5787e+00 +3.2758e+00 +4.5545e+00 +1.0266e+00 +4.7916e+00 +3.3626e+00
2 +1.273686345e+07 +1.273686345e+07 +1.273639370e+07 +1.273639370e+07 +2.9041e+00 +3.5345e+00 +3.0900e+00 -2.2227e+00 -4.7853e+00 +4.5758e+00 -1.1292e-01 -2.8425e+00 -2.0877e+00 -2.0443e+00 +4.0340e+00 -2.4338e-01 -9.3034e-01 -2.4985e+00 -9.1446e-01 +1.2921e+00 +4.1683e+00 +5.5315e-01 -5.0013e-02 +2.5449e+00
3 +6.416118899e+06 +6.416118899e+06 +6.415649149e+06 +6.415649149e+06 +3.4744e-01 -2.7504e+00 -2.6246e+00 -1.0300e+00 +3.1596e+00 +3.3959e+00 +6.3159e-01 +1.7999e+00 -8.9002e-01 +1.9304e+00 -3.8980e+00 +3.9781e-01 +4.5614e+00 +2.1437e-01 +1.5452e+00 +1.3385e-01 -8.2134e-02 +4.1991e+00 -2.0527e-01 -1.2498e+00
8 +3.550889433e+06 +3.550889433e+06 +3.550419683e+06 +3.550419683e+06 -4.4201e+00 +6.2395e-01 -1.3079e+00 -1.1090e+00 +7.1245e-01 +9.4500e-01 -4.2996e+00 +1.1244e+00 -3.9909e-01 -1.0856e-01 -1.6327e+00 +1.0328e+00 +4.0189e+00 -9.6366e-01 -1.9186e+00 +3.3860e+00 -3.6889e+00 +3.4493e+00 -1.1434e+00 +6.4384e-01
95 +2.493694972e+06 +2.493694972e+06 +2.493225222e+06 +2.493225222e+06 +1.0917e+00 +4.8240e+00 +1.3948e+00 -3.4205e+00 -3.9767e+00 +5.3471e-02 -1.3217e+00 +1.8314e+00 +3.3443e+00 +3.4436e+00 -2.6664e+00 +9.5861e-01 -9.1327e-01 -1.6076e+00 -3.9258e-01 +2.8327e+00 -4.4809e+00 +3.5152e+00 +1.6225e+00 -4.7945e+00
% function evaluation | noise-free fitness - Fopt (1.999100000000e+02) | best noise-free fitness - Fopt | measured fitness | best measured fitness | x1 | x2...
1 +3.222521651e+07 +3.222521651e+07 +3.222541642e+07 +3.222541642e+07 +4.4034e+00 -3.9262e+00 -3.9183e+00 -3.4693e+00 -1.2668e+00 +3.8927e+00 +4.9435e+00 -4.3571e+00 +4.2479e+00 -3.3696e+00 -1.4078e+00 -4.3324e+00 -9.6423e-01 +8.3492e-02 +4.7854e+00 -3.8322e-01 +3.3362e+00 +4.9105e+00 +9.2501e-01 +3.5485e+00
2 +1.604055852e+07 +1.604055852e+07 +1.604075843e+07 +1.604075843e+07 -2.1947e+00 -1.2068e+00 -1.9731e+00 +3.3601e+00 +2.6504e+00 -4.5407e+00 -2.0040e+00 +9.4956e-01 +7.9914e-01 +2.1654e+00 +2.6652e+00 -2.9774e+00 +2.1161e+00 +4.3035e+00 -2.5695e-01 +3.3559e+00 +4.1364e+00 +1.0177e+00 -2.4090e+00 -7.7295e-01
4 +7.552715039e+06 +7.552715039e+06 +7.552914949e+06 +7.552914949e+06 -1.6615e+00 +1.4179e+00 +3.0228e+00 +2.3829e+00 -1.3904e+00 +2.6093e+00 -4.6581e+00 -7.5420e-01 +1.9870e+00 -2.9798e-01 -2.3091e+00 +1.5368e+00 -1.1638e+00 +4.4410e+00 -2.1747e+00 +3.4346e-01 -3.1966e+00 -3.4512e+00 +1.5487e+00 -9.7968e-01
6 +3.892209031e+06 +3.892209031e+06 +3.892408941e+06 +3.892408941e+06 -2.2380e+00 +2.3881e-01 -1.9245e+00 +7.4674e-01 +3.9791e+00 -1.5397e+00 -3.1455e+00 -1.5110e+00 -2.4499e+00 +4.6061e+00 +2.4520e-01 +4.1835e+00 -2.7996e+00 -1.0783e+00 -1.5986e+00 +1.8132e+00 -2.0762e+00 +4.9915e-01 -4.4156e+00 -1.6156e+00
% function evaluation | noise-free fitness - Fopt (-4.296000000000e+02) | best noise-free fitness - Fopt | measured fitness | best measured fitness | x1 | x2...
1 +4.902202769e+06 +4.902202769e+06 +4.901773169e+06 +4.901773169e+06 -4.1771e+00 +2.9070e+00 -1.6093e+00 +1.6089e+00 +3.3145e+00 -1.1739e+00 -9.1955e-02 +2.0721e+00 +1.8488e+00 +1.8041e+00 -1.9483e+00 -1.3413e+00 +4.1730e+00 +2.1819e+00 +3.0427e+00 +3.5185e+00 -3.6642e-01 +2.6869e+00 +4.2896e+00 +3.1618e+00
13 +2.923825839e+06 +2.923825839e+06 +2.923396239e+06 +2.923396239e+06 +1.4923e+00 -4.9999e+00 -2.5383e+00 -4.6366e+00 -1.6409e+00 +9.4586e-01 -5.2807e-01 +6.7518e-01 -1.7971e-01 -5.8659e-01 -1.6840e+00 +1.4621e-01 +2.5117e+00 -4.6721e+00 +1.1098e+00 -5.3982e-01 +1.9985e-01 +3.2220e+00 -2.8835e+00 -1.7011e-02
66 +9.108982761e+05 +9.108982761e+05 +9.104686761e+05 +9.104686761e+05 -4.6065e+00 -7.5537e-02 -1.8136e+00 +2.6614e+00 -1.0042e+00 +1.7226e+00 +2.5173e+00 +3.6608e-01 +3.7617e+00 +4.9324e-01 +1.6493e-02 -3.6918e+00 +4.9937e+00 +4.9706e+00 -1.0663e+00 +2.8068e+00 -2.1891e+00 -3.2530e+00 +4.0787e+00 +7.9105e-01
% function evaluation | noise-free fitness - Fopt (1.000000000000e+03) | best noise-free fitness - Fopt | measured fitness | best measured fitness | x1 | x2...
1 +3.676917431e+07 +3.676917431e+07 +3.677017431e+07 +3.677017431e+07 +3.0534e+00 +1.0107e+00 -1.2027e-01 -4.4708e+00 +3.7193e+00 +7.5292e-01 -1.0001e+00 -1.1441e-01 +3.3826e+00 +3.6976e+00 +2.3466e+00 +5.0307e-01 -4.9252e+00 +3.5609e+00 -2.2056e+00 -2.4164e+00 -1.5136e+00 +8.3387e-01 -3.8219e+00 -3.9445e+00
2 +9.603276309e+06 +9.603276309e+06 +9.604276309e+06 +9.604276309e+06 -4.4144e+00 +4.5511e+00 -3.4965e+00 -4.1907e+00 -4.3800e+00 -2.8031e+00 +3.4064e+00 +3.0019e+00 +4.1852e-01 -1.5599e+00 -3.9898e+00 -2.9799e+00 -3.5973e+00 +3.0335e+00 +3.6000e+00 -1.1376e+00 -3.4892e+00 -1.4559e-01 +3.6910e+00 +2.4801e+00
72 +3.741780539e+06 +3.741780539e+06 +3.742780539e+06 +3.742780539e+06 -4.7382e+00 -3.2886e+00 -4.1285e+00 +1.2509e+00 +7.7865e-01 +4.3095e+00 +3.9366e+00 -1.1160e+00 +4.6952e+00 +3.1195e+00 +1.8948e-01 -7.4085e-01 -1.4511e+00 +2.3509e+00 +4.7624e+00 +1.2333e+00 -2.1902e+00 -3.2619e+00 +1.1936e+00 +3.8922e+00
197 +1.565484188e+06 +1.565484188e+06 +1.566484188e+06 +1.566484188e+06 -4.8979e+00 -4.3114e+00 -5.1785e-01 -4.0281e+00 +1.3776e+00 -2.3885e+00 +3.0068e+00 +4.7356e+00 +4.1755e+00 +4.3502e+00 -3.1098e+00 -2.3117e+00 -6.4119e-01 -4.3296e+00 -3.3153e+00 -4.5764e+00 +2.9416e+00 +1.0937e+00 +1.6219e+00 +2.3604e+00
% function evaluation | noise-free fitness - Fopt (1.951500000000e+02) | best noise-free fitness - Fopt | measured fitness | best measured fitness | x1 | x2...
1 +6.280390342e+06 +6.280390342e+06 +6.280585492e+06 +6.280585492e+06 -1.0168e+00 +2.5416e+00 +4.5903e+00 +2.7596e+00 -3.3787e+00 +1.0983e+00 -2.4896e+00 -3.9429e+00 -4.2297e+00 +6.2292e-01 +3.0518e+00 -4.7792e-02 -3.2197e+00 +2.0541e+00 +3.4893e+00 +8.5959e-01 +3.4111e+00 -2.3397e+00 -2.7105e+00 -1.1400e+00
12 +2.822813847e+06 +2.822813847e+06 +2.823008997e+06 +2.823008997e+06 -3.5173e+00 +9.9641e-01 +2.1187e+00 +3.1176e+00 -1.1530e+00 +1.3902e+00 +2.5417e-01 -4.8088e+00 -6.2998e-01 +2.6991e+00 -2.3231e+00 -1.6497e+00 +3.2188e+00 -1.0116e+00 -1.4661e+00 +3.6017e-01 -4.7547e-01 -2.2408e-01 -9.5462e-02 -1.1717e+00
28 +8.826674761e+05 +8.826674761e+05 +8.828626261e+05 +8.828626261e+05 +2.7931e+00 +2.3267e+00 +7.3054e-02 -4.9144e+00 -2.7154e+00 +2.7438e+00 -4.7465e+00 +4.5449e+00 -4.3062e+00 -3.9873e+00 -1.7052e-01 +3.7535e+00 -9.0765e-01 -1.7403e+00 -3.1696e+00 -3.6200e+00 +6.9128e-01 +4.8606e+00 +3.3608e+00 +3.4126e-02
% function evaluation | noise-free fitness - Fopt (-4.335000000000e+01) | best noise-free fitness - Fopt | measured fitness | best measured fitness | x1 | x2...
1 +2.549746535e+07 +2.549746535e+07 +2.549742200e+07 +2.549742200e+07 -4.8403e+00 +4.0699e+00 -2.5827e+00 +1.7962e+00 -2.2033e+00 +1.2049e-01 -9.5352e-01 -2.1382e+00 +4.6133e+00 -1.2402e+00 +8.7366e-01 +1.1991e+00 -1.8420e+00 +2.7918e+00 +3.8584e+00 -4.6402e+00 +3.7142e+00 +2.5282e+00 +4.5581e+00 +4.6524e+00
3 +8.068377617e+06 +8.068377617e+06 +8.068334267e+06 +8.068334267e+06 -3.0666e+00 +7.5890e-02 +2.6503e+00 +3.9432e+00 +4.3569e+00 +2.0004e+00 -3.8548e+00 +1.7828e+00 -4.1392e+00 -1.4079e+00 +1.4621e+00 -1.6905e+00 -4.1145e+00 -2.9863e+00 +4.8398e+00 +1.0619e+00 -2.0368e+00 +2.5193e+00 +1.7819e-01 -4.6472e+00
27 +3.256626875e+06 +3.256626875e+06 +3.256583525e+06 +3.256583525e+06 +2.5900e+00 +6.8980e-01 +3.8059e-01 -2.2207e+00 -4.4955e+00 +2.9664e+00 -3.5663e+00 -4.1485e+00 +4.4622e+00 +4.5933e+00 +3.8570e+00 +1.9790e+00 +4.6548e+00 +1.7103e+00 -8.8929e-01 -4.9611e+00 +1.2468e+00 +3.9437e+00 -4.5161e+00 +4.8260e-01
170 +1.751303021e+06 +1.751303021e+06 +1.751259671e+06 +1.751259671e+06 +3.7208e+00 +2.0402e+00 +1.4885e+00 -2.5082e+00 +2.9275e-01 +2.0369e+00 -3.5205e+00 -2.5573e+00 -6.9389e-01 +2.2377e+00 +4.4676e+00 +3.5715e+00 -2.0448e+00 +4.3353e+00 +7.3954e-01 +4.6380e+00 +1.4112e+00 +2.1028e+00 -3.7022e+00 -3.9332e+00
% function evaluation | noise-free fitness - Fopt (2.790900000000e+02) | best noise-free fitness - Fopt | measured fitness | best measured fitness | x1 | x2...
1 +1.341962661e+07 +1.341962661e+07 +1.341990570e+07 +1.341990570e+07 -3.7847e+00 +3.0537e+00 +4.5501e+00 -3.0076e+00 +3.0880e+00 +1.5496e-01 -4.2541e-02 +3.9967e+00 +4.8110e+00 -3.4504e-01 -3.8012e+00 -1.6508e+00 -2.8663e+00 -2.0388e+00 +1.6542e+00 -2.0283e+00 +4.9470e+00 +6.0560e-01 +4.2020e+00 -1.6724e+00
17 +9.309376615e+06 +9.309376615e+06 +9.309655705e+06 +9.309655705e+06 +4.3509e+00 +4.9017e+00 -4.4950e+00 -4.0548e+00 -9.3601e-01 +2.4406e+00 +4.3503e+00 +7.7734e-01 -3.5307e-01 -3.0921e+00 -4.3253e+00 -3.5791e+00 +3.0584e+00 -4.0300e+00 -9.0053e-01 +2.4337e+00 +4.8715e+00 -2.6759e+00 +3.8750e-01 +4.3257e+00
31 +4.502535287e+06 +4.502535287e+06 +4.502814377e+06 +4.502814377e+06 -4.2340e+00 -2.3841e+00 -2.7403e+00 -2.6595e+00 +1.1231e+00 -2.9346e+00 -8.3274e-01 -1.5093e+00 -1.8213e+00 -4.0216e+00 -1.2414e-01 +2.5341e+00 -3.3751e+00 +1.9481e+00 -3.8386e+00 +1.5701e+00 -9.1777e-01 +1.1392e-01 -2.9219e+00 -2.3630e+00
131 +1.739122112e+06 +1.739122112e+06 +1.739401202e+06 +1.739401202e+06 -3.4237e+00 +3.1367e+00 -1.6407e+00 -8.8450e-01 -1.2655e+00 -2.2728e+00 +6.9698e-01 +2.6515e+00 -1.6332e+00 -1.2605e+00 -3.8471e+00 -5.5121e-01 +3.5010e+00 +4.7540e+00 -3.9122e-01 +4.4965e+00 -3.2643e-01 +2.6081e+00 -2.1458e+00 +3.9494e-01
% function evaluation | noise-free fitness - Fopt (1.000000000000e+03) | best noise-free fitness - Fopt | measured fitness | best measured fitness | x1 | x2...
1 +8.764876947e+06 +8.764876947e+06 +8.765876947e+06 +8.765876947e+06 -5.8234e-01 -4.1571e+00 +1.6350e+00 +3.6674e+00 -1.9862e+00 -3.4392e+00 -1.7702e+00 +5.1440e-01 -4.9499e+00 -2.1313e+00 +3.5968e+00 +1.6509e+00 +3.6748e-01 -4.6705e+00 -6.7845e-01 -9.2618e-01 +3.7719e+00 -1.9122e+00 -2.0315e+00 +2.6024e+00
22 +3.297269442e+06 +3.297269442e+06 +3.298269442e+06 +3.298269442e+06 +4.0330e+00 +2.5515e+00 -4.6796e-01 -3.4586e+00 -4.6676e-03 +2.8072e+00 +1.6315e+00 -3.6971e-01 +1.6403e+00 +8.0425e-01 -2.9090e+00 +3.9958e+00 +1.8001e+00 +5.3170e-01 +1.7021e+00 -1.0021e+00 +2.8149e+00 +3.2845e+00 +2.7513e+00 -2.7979e+00
89 +2.360322086e+06 +2.360322086e+06 +2.361322086e+06 +2.361322086e+06 -1.1651e+00 -1.3866e+00 -2.0587e+00 -3.9503e+00 -2.4978e+00 +1.2481e+00 -1.5960e+00 -1.1669e+00 -5.1630e-01 +4.3493e+00 -4.8388e+00 -4.1038e+00 -2.8392e+00 -2.8423e-01 -3.0644e+00 -4.9075e+00 -3.6407e-02 +2.1493e-01 +2.2720e+00 +1.2404e+00
% function evaluation | noise-free fitness - Fopt (-1.148100000000e+02) | best noise-free fitness - Fopt | measured fitness | best measured fitness | x1 | x2...
1 +3.666063974e+07 +3.666063974e+07 +3.666052493e+07 +3.666052493e+07 -1.6727e+00 -1.8468e+00 -1.2285e+00 +4.6155e+00 -1.9404e+00 -4.2220e+00 -7.9560e-01 +8.1789e-01 -4.2220e+00 -2.1024e+00 -3.9318e+00 -4.3722e-01 -4.7392e+00 +8.2729e-01 +2.3281e+00 -4.3879e+00 +2.3264e+00 -4.9635e+00 -3.7982e+00 -6.9022e-01
2 +2.403188567e+07 +2.403188567e+07 +2.403177086e+07 +2.403177086e+07 +4.1580e+00 -1.9110e+00 -3.7625e+00 +3.2594e-01 -4.1103e-01 -6.6555e-01 +3.0609e+00 +4.1915e+00 -3.4493e+00 +2.7419e+00 -3.8329e+00 +1.9698e+00 +1.8619e+00 -2.9124e+00 -8.1654e-01 +2.3220e+00 -2.8665e+00 -1.0437e+00 -8.7590e-01 +3.3702e+00
3 +8.145516368e+06 +8.145516368e+06 +8.145401558e+06 +8.145401558e+06 +4.9954e+00 +3.4596e+00 -4.5119e+00 -2.3823e+00 +1.2627e+00 -3.4399e+00 -4.8826e+00 +3.7620e+00 +1.5935e+00 -2.8759e+00 +3.7541e+00 -3.3069e+00 -2.7246e+00 -4.0650e+00 -7.1268e-01 -3.1805e+00 -3.7465e+00 -4.8326e+00 -3.4565e+00 +4.5594e+00
6 +2.021524807e+06 +2.021524807e+06 +2.021409997e+06 +2.021409997e+06 +3.9864e+00 -2.6975e+00 +3.5961e+00 -4.6998e+00 +3.4513e+00 +2.0177e+00 -8.9236e-01 +1.4007e+00 +1.1554e+00 -2.8225e+00 +4.4628e+00 +3.6247e+00 -1.4176e-01 -3.1715e+00 +2.1975e-01 -2.7780e+00 +2.1292e+00 -2.7649e+00 +2.4739e+00 -2.2492e+00
% function evaluation | noise-free fitness - Fopt (-3.505800000000e+02) | best noise-free fitness - Fopt | measured fitness | best measured fitness | x1 | x2...
1 +1.852504691e+07 +1.852504691e+07 +1.852469633e+07 +1.852469633e+07 +4.4909e+00 -2.3486e+00 +2.4840e+00 -6.8780e-01 +2.5745e+00 -2.5629e+00 +1.4183e+00 +2.7467e+00 +2.6575e-01 +4.3110e+00 -4.9456e+00 -3.5552e+00 +3.9348e+00 +2.8861e+00 +2.4403e+00 -4.3672e+00 +1.5847e+00 -2.5274e+00 +3.7191e+00 +2.5278e+00
3 +1.264849575e+07 +1.264849575e+07 +1.264814517e+07 +1.264814517e+07 +1.8047e+00 +5.1274e-01 -3.6182e+00 -3.4316e+00 -2.2428e+00 -2.5092e+00 -9.3758e-01 -1.5249e+00 +3.4511e+00 -9.4768e-01 -3.4830e+00 -5.5675e-01 -2.0098e-01 +1.0189e+00 +4.3904e+00 +1.2903e+00 +2.5574e+00 +2.3738e+00 -2.3258e+00 +4.1848e+00
20 +8.995307077e+06 +8.995307077e+06 +8.994956497e+06 +8.994956497e+06 +3.4006e+00 +2.8728e+00 +4.6065e+00 -2.1223e+00 +4.4559e+00 -1.0748e+00 +4.0234e+00 -4.1488e-01 +3.1811e+00 -1.8818e+00 +4.7598e+00 +1.5246e+00 -4.1446e+00 +1.0712e+00 -2.3968e+00 +3.7072e+00 +2.9072e+00 -2.0238e+00 -4.5559e+00 -9.4591e-01
26 +1.829361579e+06 +1.829361579e+06 +1.829010999e+06 +1.829010999e+06 +9.9594e-01 +1.7255e+00 -2.8645e+00 -3.6909e+00 +4.8125e+00 -2.4571e+00 +1.2460e+00 -3.2978e+00 -1.2002e+00 +4.3789e+00 -2.7384e-01 +1.2670e+00 +2.7873e+00 +8.9516e-01 +1.9063e+00 +1.8708e+00 -1.3016e+00 -2.0493e+00 +2.9662e+00 -1.6250e+00
% function evaluation | noise-free fitness - Fopt (-5.700000000000e+00) | best noise-free fitness - Fopt | measured fitness | best measured fitness | x1 | x2...
1 +5.769412948e+07 +5.769412948e+07 +5.769412378e+07 +5.769412378e+07 -2.1489e+00 +2.3265e+00 -3.6591e+00 -6.6520e-01 -3.8454e+00 -1.0092e+00 +4.9496e+00 -1.1772e+00 +4.2828e-01 +3.8468e+00 -1.9031e+00 +1.1138e+00 -2.5372e+00 +2.6549e+00 +4.7966e+00 -1.5083e+00 -2.6353e+00 +4.5050e+00 +4.2222e+00 +4.4923e+00
3 +2.727211498e+07 +2.727211498e+07 +2.727210928e+07 +2.727210928e+07 +3.3530e+00 -3.7041e+00 +4.2387e+00 -1.9705e+00 +4.5623e+00 -7.0546e-01 -3.3221e+00 +5.6331e-01 -1.3573e+00 +2.2883e-01 +1.2103e+00 +1.4456e+00 +6.9570e-01 -1.6915e+00 +2.1706e+00 +3.4854e+00 +5.4133e-01 -4.3802e+00 +2.6975e+00 -2.8938e+00
5 +1.112361193e+07 +1.112361193e+07 +1.112360623e+07 +1.112360623e+07 -4.9022e-02 -3.5774e+00 +3.9734e+00 -4.7618e-01 -3.2051e+00 +4.1144e+00 +1.0735e+00 +2.7180e+00 +2.0967e+00 -2.2600e+00 -1.3382e+00 +3.1742e+00 -1.8537e+00 -1.7238e+00 +7.1482e-02 +7.0281e-02 -4.3462e+00 +4.4856e+00 -1.1927e-02 -5.9679e-01
7 +5.267662712e+06 +5.267662712e+06 +5.267657012e+06 +5.267657012e+06 +1.3898e+00 -3.2699e+00 -3.0330e+00 -3.7689e+00 +4.3961e+00 -4.8813e+00 -1.3552e+00 +7.5703e-01 -2.0234e+00 -1.3363e+00 -2.9221e+00 -4.0407e+00 -2.4952e+00 +4.0161e+00 +3.8378e+00 -2.8515e+00 +3.1004e+00 -4.3002e+00 -3.8058e+00 -1.9265e+00
54 +2.957289947e+06 +2.957289947e+06 +2.957284247e+06 +2.957284247e+06 +4.2986e+00 +1.4313e+00 -4.4168e-02 -1.1908e+00 -7.7290e-01 -6.7676e-01 -1.4834e+00 -9.6806e-01 +1.3213e+00 -2.8089e+00 +3.2993e+00 +4.9263e+00 +3.1890e+00 +2.8649e+00 -3.4436e+00 -4.5407e+00 +1.9972e+00 -4.5547e+00 +1.1120e+00 -2.2194e+00
151 +2.212864712e+06 +2.212864712e+06 +2.212859012e+06 +2.212859012e+06 -1.4310e+00 +1.7737e+00 -9.5480e-01 -3.2867e-01 +1.4211e+00 +1.4938e+00 +1.8037e+00 +6.7403e-01 -4.1647e+00 -2.3089e+00 -2.8955e+00 +3.4927e+00 -1.1824e+00 -2.2498e-01 -2.4760e+00 -4.7826e+00 +3.2142e+00 -2.6880e+00 -3.2278e+00 +3.3352e+00
